838627644.000000
854241153.000000
938721847.000000
942338970.000000
860334741.000000
864207937.000000
852184642.000000
953144877.000000
857896794.000000
849641194.000000
955800088.000000
874424440.000000
878086354.000000
890892610.000000
956665898.000000
865037704.000000
848298724.000000
921504272.000000
861856261.000000
847238657.000000
931977836.000000
864567160.000000
860003804.000000
942116594.000000
934945203.000000
852124672.000000
851946872.000000
852909344.000000
855829412.000000
861277146.000000
